%Mauricio Vueltiflor Gil 000131077
%Mario Becerra Contreras 000124362
%José Carlos Castro Montes 000127049    
%Aaron López Flores 000124432

q,m,n,fx,ban,iter, tiempo
1, 10,95, 135.536266, 0, 13, 0.112718
2, 16,23, 24.268092, 1, 9, 0.035636
3, 42,192, 506.566686, 0, 83, 2.601314
4, 33,42, 23.365845, 1, 91, 0.592720
5, 11,53, 97.384452, 0, 7, 0.033720
6, 34,45, 94.345757, 0, 82, 0.548288
7, 39,75, 7682.586290, 0, 108, 1.051660
8, 70,86, 200.249144, 0, 346, 5.157591
9, 30,79, 680.108268, 0, 69, 0.649661
10, 13,81, 65.922838, 0, 20, 0.150350
11, 14,58, 122.380706, 0, 11, 0.062177
12, 25,156, 3453.957474, 0, 31, 0.594652
13, 27,195, 573.674181, 0, 45, 1.245744
14, 16,149, 180.927523, 0, 19, 0.273063
15, 34,48, 13733.670419, 0, 105, 0.741993
16, 40,119, 29654.616341, 0, 187, 2.934053
17, 31,47, 495.983297, 0, 146, 0.976908
18, 36,54, 8477.322704, 0, 124, 0.951358
19, 62,65, 41.727642, 1, 335, 3.665800
20, 26,101, 90.084796, 0, 31, 0.315117
21, 34,196, 6671.593882, 0, 104, 3.095306
22, 29,86, 657.952379, 0, 81, 0.782299
23, 37,84, 61246.810123, 0, 135, 1.410968
24, 20,55, 64.763264, 0, 39, 0.238761
25, 60,167, 1370.907486, 0, 326, 9.953227
26, 21,57, 178.074116, 0, 45, 0.301227
27, 73,129, 136.724538, 0, 324, 8.430005
28, 26,80, 244.099546, 0, 63, 0.589638
29, 11,35, 1548.271399, 0, 19, 0.081928
30, 39,114, 809.323493, 0, 118, 1.729344
31, 33,152, 5390.468345, 0, 54, 1.075833
32, 15,38, 313.086532, 0, 23, 0.112145
33, 44,78, 339.515962, 0, 145, 1.575489
34, 51,191, 850.370962, 0, 243, 8.818378
35, 69,75, 266.264618, 1, 472, 6.287937
36, 95,95, 104.606179, 2, 500, 11.758888
37, 15,73, 179.855572, 0, 34, 0.250787
38, 66,79, 156.927264, 2, 500, 6.554766
39, 54,185, 543.425246, 0, 401, 14.139443
40, 35,93, 227.652940, 0, 113, 1.227765
41, 78,110, 57.478418, 2, 500, 11.488661
42, 32,92, 824.134030, 0, 34, 0.352617
43, 31,139, 1560.989169, 0, 77, 1.329512
44, 28,81, 1488.522937, 0, 95, 0.914986
45, 23,97, 330.901903, 0, 31, 0.308433
46, 32,116, 215.399473, 0, 117, 1.560638
47, 41,98, 11159.706706, 0, 95, 1.152655
48, 59,84, 8437.441779, 0, 434, 5.585316
49, 98,98, 124.312656, 2, 500, 12.524708
50, 21,85, 139.565494, 0, 31, 0.287636
51, 12,146, 122.742338, 0, 8, 0.108560
52, 26,42, 2699.923829, 0, 60, 0.362105
53, 18,176, 201.877034, 0, 28, 0.625732
54, 12,79, 734.071301, 0, 11, 0.080322
55, 13,99, 24.565611, 0, 16, 0.152237
56, 44,61, 43.630234, 0, 74, 0.681241
57, 25,46, 100.420221, 0, 81, 0.482563
58, 50,51, 907.073629, 0, 207, 1.824963
59, 28,69, 3443.102129, 0, 35, 0.284739
60, 21,101, 133.570003, 0, 24, 0.241389
61, 37,153, 442.304623, 0, 55, 1.246914
62, 39,76, 124.957448, 0, 70, 0.697922
63, 35,44, 1990.588849, 0, 48, 0.317265
64, 33,167, 8448.587716, 0, 72, 1.675412
65, 10,123, 203.636599, 0, 24, 0.249927
66, 28,105, 106.487171, 0, 67, 0.750805
67, 12,63, 1597.026918, 0, 16, 0.097173
68, 34,70, 673.071997, 0, 51, 0.464070
69, 18,179, 46.146458, 0, 13, 0.264725
70, 29,77, 609.063599, 0, 84, 0.776208
71, 57,156, 106.412595, 2, 500, 13.780605
72, 71,161, 1443.241046, 0, 413, 14.282970
73, 24,79, 268.568191, 0, 47, 0.413279
74, 10,75, 493.141446, 0, 21, 0.138828
75, 17,179, 1621.627240, 0, 32, 0.709186
76, 45,51, 1260.334512, 0, 148, 1.242586
77, 26,34, 85.190888, 0, 81, 0.424240
78, 28,82, 153.409731, 0, 86, 0.819229
79, 86,172, 90.024343, 2, 500, 22.289715
80, 30,89, 576.383325, 0, 61, 0.622435
81, 68,164, 537.014460, 0, 425, 13.993411
82, 36,164, 208.047604, 0, 110, 2.641661
83, 14,24, 577.485240, 0, 15, 0.061365
84, 16,39, 221.296931, 0, 31, 0.155254
85, 14,121, 257.604780, 0, 13, 0.137669
86, 17,184, 1940.198328, 0, 39, 0.883359
87, 14,163, 49.516477, 0, 22, 0.377044
88, 18,79, 11278.116032, 0, 33, 0.271077
89, 33,70, 1647.762909, 0, 83, 0.735270
90, 73,89, 144.607146, 2, 500, 8.309664
91, 85,188, 350.745634, 0, 433, 21.240032
92, 11,182, 4743.184811, 0, 31, 0.636663
93, 44,133, 795.147182, 0, 157, 2.963569
94, 12,189, 253.904469, 0, 8, 0.168312
95, 27,57, 319.802815, 0, 52, 0.377818
96, 14,105, 95.065629, 0, 20, 0.195481
97, 18,102, 52.854621, 0, 24, 0.241619
98, 33,66, 416.505856, 0, 91, 0.778543
99, 63,187, 1203.827007, 0, 273, 10.763910
100, 22,24, 68.546640, 0, 37, 0.170868
101, 30,92, 98.449860, 0, 86, 0.905834
102, 41,45, 7643.758560, 0, 71, 0.515408
103, 51,98, 9361.785765, 0, 206, 2.768225
104, 13,54, 85.020393, 0, 12, 0.063016
105, 69,102, 1118.130488, 2, 500, 9.065356
106, 57,83, 329057.594137, 0, 354, 4.481460
107, 31,174, 1144.592847, 0, 62, 1.536564
108, 23,68, 49370.655824, 0, 55, 0.424510
109, 37,49, 118.368025, 0, 54, 0.389988
110, 10,24, 129.521624, 0, 15, 0.056623
111, 16,77, 62.891030, 0, 47, 0.351763
112, 23,41, 959.930671, 0, 69, 0.377690
113, 17,91, 1058.129604, 0, 28, 0.249479
114, 39,46, 2579.908361, 0, 169, 1.214197
115, 14,185, 183.661043, 0, 16, 0.353973
116, 14,56, 49.789575, 0, 7, 0.038309
117, 13,24, 127.444985, 0, 17, 0.071927
118, 26,120, 320.879002, 0, 80, 1.066665
119, 71,123, 5527.433656, 0, 320, 7.912064
120, 13,198, 1031.349885, 0, 12, 0.296301
121, 97,125, 43.615772, 2, 500, 15.703461
122, 26,74, 126.936658, 0, 50, 0.439410
123, 15,30, 388.339125, 0, 22, 0.095950
124, 78,83, 207.006047, 2, 500, 7.716836
125, 53,81, 3894.115059, 0, 386, 4.568576
126, 42,124, 646.512077, 0, 227, 3.968595
127, 41,41, 17692.128290, 0, 116, 0.822448
128, 39,70, 8512.839575, 0, 91, 0.868494
129, 50,82, 414062.491238, 0, 296, 3.422966
130, 17,85, 51.177326, 0, 23, 0.189871
131, 46,91, 8300.178642, 0, 208, 2.475023
132, 44,107, 157.436134, 0, 101, 1.418840
133, 14,112, 462.214503, 0, 20, 0.197924
134, 24,74, 45018.044682, 0, 87, 0.726509
135, 25,36, 1541.740137, 1, 92, 0.488154
136, 15,134, 30.383020, 0, 25, 0.310797
137, 19,156, 193.097219, 0, 59, 1.000719
138, 46,86, 678.705081, 0, 112, 1.299261
139, 75,107, 2727.412335, 0, 431, 9.320635
140, 24,66, 239.211985, 0, 34, 0.262954
141, 42,94, 673.895240, 0, 220, 2.612531
142, 23,26, 28.400432, 1, 53, 0.245505
143, 15,142, 585.468559, 0, 13, 0.168892
144, 15,35, 1258.803143, 0, 22, 0.103454
145, 26,45, 3744.121823, 0, 79, 0.476852
146, 18,198, 18.848053, 0, 13, 0.313750
147, 70,76, 1088.089294, 0, 266, 3.607443
148, 23,53, 1848.563922, 0, 159, 1.007230
149, 16,42, 1058.892977, 0, 30, 0.150481
150, 42,90, 1568.814070, 0, 165, 1.884437
151, 21,137, 1164.870675, 0, 39, 0.549829
152, 48,84, 2196.551310, 0, 115, 1.330398
153, 28,81, 521.497055, 0, 103, 0.972272
154, 13,146, 261.303843, 0, 24, 0.324085
155, 29,125, 129.982584, 0, 41, 0.570938
156, 22,166, 705.308525, 0, 84, 1.711194
157, 30,65, 644.704321, 0, 58, 0.475066
158, 11,28, 192.554455, 0, 27, 0.108102
159, 20,38, 67.923583, 0, 14, 0.068750
160, 58,73, 4632.505320, 0, 372, 4.194931
161, 37,109, 785.598167, 0, 219, 2.912212
162, 11,32, 56.749731, 0, 14, 0.059412
163, 41,46, 11696.991920, 0, 107, 0.807181
164, 35,61, 852.919570, 0, 84, 0.692568
165, 20,41, 120.594190, 0, 30, 0.156164
166, 29,31, 24.698851, 1, 69, 0.365201
167, 92,163, 65.165465, 2, 500, 21.920119
168, 44,146, 2859.148719, 0, 119, 2.664042
169, 66,199, 386.835091, 0, 297, 13.598397
170, 16,52, 72.445969, 0, 19, 0.109683
171, 45,121, 82.169949, 0, 136, 2.437613
172, 21,77, 144.498963, 0, 28, 0.236389
173, 21,39, 8983.322726, 0, 56, 0.297916
174, 28,65, 482.003369, 0, 74, 0.573888
175, 39,49, 31.017776, 1, 183, 1.366424
176, 54,97, 6707.095775, 0, 321, 4.433711
177, 29,60, 2074.601812, 0, 61, 0.451626
178, 82,121, 227.306985, 2, 500, 13.184472
179, 24,75, 2996.459022, 0, 37, 0.316582
180, 13,153, 53.975293, 0, 14, 0.213668
181, 98,130, 80.275531, 2, 500, 16.511887
182, 34,92, 4177.482714, 0, 112, 1.183266
183, 31,76, 67.566287, 0, 106, 0.973588
184, 12,44, 141.991719, 0, 10, 0.047115
185, 14,80, 1016.112011, 0, 20, 0.148849
186, 68,69, 88.377648, 1, 497, 5.986329
187, 19,33, 556.476607, 0, 32, 0.151373
188, 14,21, 78.265794, 0, 19, 0.073922
189, 41,54, 959.846678, 0, 126, 1.025725
190, 21,26, 38.111223, 1, 45, 0.201244
191, 76,92, 43.437630, 2, 500, 8.859186
192, 85,89, 4845.867639, 2, 500, 9.265205
193, 19,86, 23.595530, 0, 26, 0.223382
194, 27,40, 3960.164451, 0, 89, 0.506088
195, 34,77, 277.355442, 0, 82, 0.802819
196, 38,40, 6675.007109, 0, 101, 0.665654
197, 25,52, 281.692258, 0, 41, 0.261777
198, 60,74, 1559.859626, 0, 226, 2.663749
199, 16,26, 302.129672, 0, 26, 0.109656
200, 71,94, 103.427292, 2, 500, 8.379996
201, 19,89, 59476.598391, 0, 42, 0.379207
202, 11,86, 24.079002, 0, 10, 0.072806
203, 18,107, 33.965753, 0, 15, 0.152915
204, 44,65, 8043.201658, 0, 193, 1.881495
205, 10,132, 40.979226, 0, 9, 0.099741
206, 49,81, 10196.321512, 0, 171, 1.953163
207, 42,85, 1705.618760, 0, 102, 1.084199
208, 20,24, 19.733040, 1, 56, 0.246626
209, 14,30, 134.578197, 0, 11, 0.044575
210, 21,38, 2435.718185, 0, 53, 0.270317
211, 25,58, 3681.985607, 0, 45, 0.309560
212, 82,112, 54.252488, 2, 500, 12.124308
213, 18,38, 201.910680, 0, 28, 0.143231
214, 55,93, 376.320819, 0, 107, 1.452124
215, 98,149, 43.208535, 2, 500, 19.720719
216, 58,87, 183.785682, 0, 189, 2.460472
217, 18,60, 139.797133, 0, 42, 0.268598
218, 19,28, 35.247822, 1, 53, 0.237416
219, 11,37, 2778.974523, 0, 15, 0.065217
220, 12,87, 301.766072, 0, 21, 0.164867
221, 11,62, 12.464762, 0, 5, 0.025613
222, 42,111, 2331.330757, 0, 130, 1.840015
223, 29,117, 4598.971952, 0, 54, 0.699199
224, 35,87, 242.371354, 0, 77, 0.822166
225, 49,103, 1658.169304, 0, 174, 2.593850
226, 30,42, 827.167712, 0, 79, 0.496363
227, 14,61, 1038.279337, 0, 12, 0.070095
228, 33,57, 191.828864, 1, 122, 0.929298
229, 17,29, 129.899666, 0, 21, 0.092578
230, 42,110, 4445.638042, 0, 141, 2.000357
231, 32,158, 2907.031550, 0, 53, 1.105411
232, 45,200, 1045.432416, 0, 112, 4.076704
233, 75,124, 9751.750505, 0, 313, 8.255873
234, 19,107, 740.385464, 0, 22, 0.232560
235, 64,163, 11491574.611513, 0, 312, 9.845998
236, 10,46, 9.483674, 0, 6, 0.027092
237, 17,24, 2230.321817, 0, 35, 0.152898
238, 40,54, 693.437470, 0, 97, 0.790369
239, 15,52, 90.482092, 0, 14, 0.074435
240, 36,38, 605.667087, 0, 168, 1.054266
241, 17,127, 245.049821, 0, 22, 0.265283
242, 24,25, 116.270652, 0, 38, 0.181930
243, 35,178, 5371.609106, 0, 83, 2.140027
244, 32,56, 1415.413442, 0, 63, 0.484744
245, 11,159, 26.670537, 0, 7, 0.098606
246, 15,23, 969.126699, 0, 15, 0.061457
247, 31,39, 11662.962188, 0, 114, 0.695059
248, 20,34, 88.295967, 0, 25, 0.118734
249, 27,73, 188.687551, 0, 80, 0.680833
250, 25,161, 455.772482, 0, 42, 0.877568
251, 11,33, 309.088352, 0, 16, 0.069382
252, 36,140, 323.262210, 0, 69, 1.240882
253, 14,193, 96.953242, 0, 29, 0.662561
254, 23,36, 1120.545420, 0, 29, 0.153590
255, 21,76, 572.682824, 0, 36, 0.291595
256, 12,23, 17.674263, 0, 4, 0.013241
257, 76,86, 64.446421, 2, 500, 8.302509
258, 39,52, 453.865706, 0, 135, 1.043842
259, 23,80, 114.097101, 0, 30, 0.256252
260, 59,70, 960.246090, 0, 257, 2.843249
261, 80,80, 95.935747, 2, 500, 7.836819
262, 18,92, 57.423057, 0, 14, 0.123722
263, 11,133, 102.086770, 0, 7, 0.077765
264, 43,62, 16410.569126, 0, 140, 1.307773
265, 25,39, 34.983469, 0, 32, 0.174547
266, 11,39, 123.089885, 0, 8, 0.033803
267, 16,96, 61.625234, 0, 47, 0.441782
268, 20,91, 406.924471, 0, 47, 0.439363
269, 20,63, 234.807917, 0, 49, 0.331404
270, 59,143, 2718.845746, 0, 272, 7.150980
271, 13,29, 44.985244, 0, 14, 0.059526
272, 31,120, 881.022302, 0, 109, 1.534516
273, 96,97, 103.042924, 2, 500, 11.973397
274, 68,68, 22.937202, 1, 268, 3.301455
275, 80,186, 304.027580, 2, 500, 23.883215
276, 18,71, 121.167721, 0, 53, 0.395056
277, 21,78, 8265.252576, 0, 60, 0.496676
278, 33,54, 203.931870, 0, 78, 0.577883
279, 39,145, 3555.208172, 0, 69, 1.407097
280, 31,74, 162.804828, 0, 70, 0.643867
281, 62,70, 12314.515122, 0, 340, 3.980684
282, 58,62, 7464.948410, 0, 240, 2.604023
283, 82,91, 131.154525, 2, 500, 9.284805
284, 24,64, 831.733382, 0, 33, 0.244306
285, 20,95, 377.576339, 0, 29, 0.272175
286, 23,200, 43.521887, 0, 36, 0.971062
287, 10,119, 14.396454, 0, 10, 0.096374
288, 23,88, 50101.375837, 0, 48, 0.472925
289, 27,36, 16417.733168, 0, 44, 0.238844
290, 21,159, 489.030040, 0, 38, 0.684241
291, 57,106, 216.610157, 0, 180, 3.033018
292, 67,92, 25413.402491, 0, 423, 6.531209
293, 58,107, 34368.156023, 0, 274, 4.875331
294, 61,86, 27375.006521, 0, 203, 2.750282
295, 31,45, 1669.608694, 0, 130, 0.837937
296, 37,42, 8488.840542, 0, 125, 0.828711
297, 16,83, 89.368682, 0, 17, 0.133986
298, 54,70, 79.987870, 1, 268, 2.855129
299, 27,199, 96.002442, 0, 52, 1.490061
300, 18,50, 206.372702, 0, 15, 0.086096
301, 35,44, 91.137169, 1, 147, 1.000157
302, 12,25, 185.450222, 0, 17, 0.067750
303, 67,71, 75.745986, 1, 426, 5.341803
304, 14,35, 1.384615, 0, 3, 0.010454
305, 90,103, 105.833720, 2, 500, 11.989777
306, 23,34, 332.172979, 0, 23, 0.118645
307, 78,158, 1708.356701, 2, 500, 18.297136
308, 17,75, 1853.479268, 0, 27, 0.209543
309, 11,55, 45.349943, 0, 11, 0.059091
310, 21,149, 1016.033988, 0, 61, 1.019801
311, 27,72, 549.751698, 0, 48, 0.418526
312, 10,64, 412.152733, 0, 19, 0.111289
313, 14,38, 60.619031, 0, 10, 0.044417
314, 17,32, 159.910927, 0, 23, 0.104716
315, 11,22, 747.453315, 0, 14, 0.051553
316, 13,34, 325.740584, 0, 18, 0.077188
317, 17,44, 11508.946778, 0, 24, 0.128542
318, 52,54, 146.605267, 1, 280, 2.683858
319, 26,57, 139.130141, 0, 81, 0.556462
320, 32,60, 983.711782, 0, 120, 0.936240
321, 32,86, 1139.135985, 0, 138, 1.412414
322, 14,120, 58.386215, 0, 14, 0.149035
323, 40,43, 155.641695, 0, 155, 1.114498
324, 23,55, 2933.775554, 0, 32, 0.205579
325, 23,59, 1246.078547, 0, 41, 0.284831
326, 63,159, 11491.308094, 0, 202, 6.060335
327, 14,150, 49.046387, 0, 8, 0.109815
328, 75,110, 148.039181, 0, 494, 10.967873
329, 34,40, 13804.332466, 0, 81, 0.518020
330, 28,69, 789.240717, 0, 85, 0.691558
331, 34,88, 91.494025, 0, 72, 0.760600
332, 63,65, 402.013908, 1, 392, 4.406474
333, 48,133, 520.134837, 0, 137, 2.923952
334, 42,60, 934.701230, 0, 107, 0.966968
335, 12,31, 350.274326, 0, 18, 0.075627
336, 32,59, 69.559249, 0, 69, 0.526604
337, 49,187, 145.140765, 0, 185, 6.055500
338, 22,32, 138.203989, 0, 19, 0.093822
339, 49,98, 1530.272422, 0, 269, 3.554966
340, 19,47, 101.434394, 0, 24, 0.132363
341, 63,75, 879.435072, 0, 233, 2.889547
342, 27,39, 6082.441826, 0, 58, 0.332839
343, 29,62, 191.520621, 0, 56, 0.431239
344, 30,30, 6600.065088, 0, 72, 0.387339
345, 77,136, 2118.773968, 0, 499, 14.243603
346, 11,59, 16.647004, 0, 9, 0.050039
347, 11,59, 120.383879, 0, 10, 0.055657
348, 13,41, 215.507392, 0, 7, 0.031457
349, 23,46, 29.215444, 0, 37, 0.221125
350, 35,36, 50.686456, 1, 85, 0.513396
351, 25,66, 311.517818, 0, 43, 0.325122
352, 16,53, 23.950912, 0, 18, 0.100711
353, 12,59, 435.497300, 0, 11, 0.060941
354, 12,144, 1400.939803, 0, 9, 0.114314
355, 21,51, 104.252076, 0, 34, 0.211147
356, 36,51, 1551.370856, 0, 129, 0.952538
357, 16,102, 193.262631, 0, 29, 0.286606
358, 75,81, 123.423553, 2, 500, 7.465566
359, 83,115, 12667.244301, 0, 496, 12.982798
360, 25,92, 124.993513, 0, 65, 0.643673
361, 20,26, 181.939698, 0, 36, 0.161305
362, 24,33, 194.448360, 0, 33, 0.164394
363, 14,54, 98.216052, 0, 15, 0.080902
364, 18,132, 154.406892, 0, 47, 0.636023
365, 13,139, 581.513874, 0, 30, 0.406987
366, 23,29, 108.181518, 1, 47, 0.233558
367, 24,156, 20.810191, 0, 35, 0.662366
368, 30,183, 272.763092, 0, 89, 2.280684
369, 31,44, 60.896553, 1, 133, 0.862043
370, 26,87, 96.437121, 0, 101, 0.944263
371, 35,65, 723.766114, 0, 172, 1.503183
372, 23,139, 25.149132, 0, 32, 0.555367
373, 14,25, 37.915860, 0, 23, 0.099833
374, 14,87, 795.573458, 0, 16, 0.138323
375, 26,55, 4973.158169, 0, 54, 0.373539
376, 23,78, 247.314672, 0, 50, 0.428620
377, 25,45, 175.992648, 0, 65, 0.392611
378, 28,173, 222.277585, 0, 29, 0.690851
379, 49,98, 727.559211, 0, 206, 2.766596
380, 15,134, 257.514692, 0, 28, 0.350198
381, 24,48, 616.583687, 0, 44, 0.276643
382, 65,123, 595.712620, 2, 500, 11.342682
383, 12,81, 28.367368, 0, 9, 0.065314
384, 49,72, 1027.653083, 0, 191, 2.047574
385, 22,45, 500.622409, 0, 101, 0.569720
386, 13,33, 123.269561, 0, 8, 0.032488
387, 25,41, 27233.537631, 0, 92, 0.519747
388, 12,24, 9905.743226, 0, 24, 0.094702
389, 50,139, 210.807015, 0, 157, 3.443701
390, 15,21, 1754.575060, 0, 18, 0.073660
391, 23,24, 58.448488, 1, 29, 0.133862
392, 10,60, 617.632760, 0, 25, 0.145716
393, 38,122, 516.064037, 0, 104, 1.591162
394, 27,53, 1897.676797, 0, 52, 0.360520
395, 44,167, 937.569180, 0, 80, 2.063021
396, 13,47, 84.735936, 0, 23, 0.120498
397, 22,53, 3101.171362, 0, 41, 0.261005
398, 33,39, 4219.647456, 0, 112, 0.681648
399, 11,160, 154.187368, 0, 14, 0.207745
400, 13,73, 144.172840, 0, 6, 0.038865
401, 29,135, 530.737228, 0, 62, 0.954854
402, 42,91, 4576.023483, 0, 247, 2.811608
403, 44,59, 4917.749993, 0, 161, 1.453905
404, 23,70, 104.363808, 0, 61, 0.466824
405, 84,171, 170.253169, 2, 500, 21.661270
406, 12,22, 1892.926997, 0, 18, 0.071546
407, 27,32, 18.644096, 1, 97, 0.511404
408, 25,30, 1079.225133, 0, 57, 0.283607
409, 16,107, 105.028217, 0, 18, 0.171665
410, 13,20, 112.317025, 0, 12, 0.045878
411, 33,86, 52921.405005, 0, 73, 0.748739
412, 25,50, 736.744225, 0, 51, 0.317306
413, 11,28, 163.512256, 0, 11, 0.042003
414, 20,144, 757907.151450, 0, 59, 0.880785
415, 61,172, 34325.535492, 0, 421, 13.828721
416, 17,34, 472.667939, 0, 23, 0.112101
417, 23,68, 68.469561, 0, 20, 0.153840
418, 14,166, 632.381127, 0, 24, 0.429221
419, 16,60, 523.007532, 0, 18, 0.114194
420, 18,36, 440.680729, 0, 40, 0.201914
421, 59,186, 2664.947319, 0, 217, 8.128361
422, 35,151, 4344.662567, 0, 158, 3.352829
423, 26,47, 92.171319, 0, 36, 0.228069
424, 24,100, 1832.391239, 0, 32, 0.319800
425, 32,53, 19486.593750, 0, 115, 0.819768
426, 22,84, 35.867658, 0, 19, 0.165940
427, 13,48, 260.575137, 0, 23, 0.117622
428, 67,90, 36996.172417, 0, 482, 7.163061
429, 45,73, 682.872897, 0, 154, 1.601297
430, 35,46, 1825.796974, 0, 59, 0.399600
431, 41,89, 3516.291408, 0, 113, 1.266813
432, 24,37, 453.050214, 0, 28, 0.146627
433, 21,40, 89.627120, 0, 28, 0.144995
434, 10,27, 267.454475, 0, 17, 0.066237
435, 27,130, 4246.072436, 0, 42, 0.588983
436, 69,153, 135914.692743, 0, 330, 10.056365
437, 27,97, 78.431657, 0, 32, 0.329766
438, 36,50, 3031.526094, 0, 66, 0.486222
439, 41,194, 1601.609580, 0, 112, 3.495059
440, 21,42, 2274.753987, 0, 135, 0.735858
441, 45,52, 128.916583, 0, 78, 0.646867
442, 97,105, 55.022004, 2, 500, 13.615331
443, 77,95, 1322.995256, 0, 357, 6.498194
444, 23,125, 366.774858, 0, 43, 0.557241
445, 13,90, 2.901751, 0, 7, 0.055960
446, 96,99, 80.721837, 2, 500, 12.298056
447, 16,198, 113.613310, 0, 52, 1.334283
448, 27,116, 838.222855, 0, 50, 0.621551
449, 35,58, 879.907524, 0, 75, 0.608763
450, 27,152, 243.992156, 0, 63, 1.210094
451, 24,67, 12948.648453, 0, 61, 0.503573
452, 61,88, 689.381995, 0, 355, 5.462986
453, 19,22, 68.869022, 0, 27, 0.121911
454, 25,40, 414.313297, 0, 62, 0.355620
455, 40,55, 325.407633, 0, 93, 0.766355
456, 21,56, 9496.889642, 0, 33, 0.213238
457, 11,45, 549.104670, 0, 6, 0.027441
458, 16,69, 31.796399, 0, 30, 0.206753
459, 35,57, 934.205246, 0, 58, 0.460510
460, 64,71, 219.861905, 1, 417, 5.348106
461, 40,127, 119.186666, 0, 143, 2.930367
462, 47,150, 6646.876433, 0, 123, 3.081713
463, 10,121, 106.718576, 0, 18, 0.195408
464, 42,48, 3214.306977, 0, 91, 0.720205
465, 19,39, 49.904897, 1, 54, 0.280407
466, 25,72, 484.388086, 0, 51, 0.411671
467, 15,53, 64.038533, 0, 21, 0.117800
468, 19,27, 234.962683, 0, 19, 0.085263
469, 19,25, 335.829139, 1, 48, 0.211449
470, 11,58, 66.931390, 0, 19, 0.105801
471, 66,70, 2401.071770, 0, 421, 5.285595
472, 10,90, 28.474070, 0, 7, 0.054106
473, 23,25, 146.806624, 1, 32, 0.145768
474, 25,28, 256.405617, 0, 65, 0.326619
475, 57,145, 403.850814, 0, 141, 4.012587
476, 62,94, 1514.525850, 0, 393, 6.152070
477, 74,129, 2956.235031, 0, 230, 7.376681
478, 12,195, 353.861951, 0, 7, 0.161083
479, 31,99, 197.871617, 0, 37, 0.408005
480, 84,186, 54.658973, 2, 500, 26.210984
481, 24,32, 1675.966053, 0, 22, 0.112306
482, 41,180, 2235.954887, 0, 208, 6.270313
483, 17,22, 37.587876, 0, 37, 0.159388
484, 17,173, 157.068974, 0, 33, 0.750518
485, 25,36, 2442.995324, 0, 44, 0.241068
486, 38,108, 164.737946, 0, 99, 1.404040
487, 40,199, 859.789077, 0, 99, 3.829707
488, 37,69, 4159.052305, 0, 51, 0.507248
489, 16,21, 628.737095, 0, 42, 0.175063
490, 12,52, 545.376980, 0, 30, 0.163008
491, 38,89, 107885.295125, 0, 96, 1.024339
492, 24,92, 468.803454, 0, 32, 0.310007
493, 14,140, 191.247305, 0, 8, 0.100251
494, 73,87, 107.590328, 2, 500, 8.004393
495, 11,125, 487.285286, 0, 12, 0.135900
496, 66,83, 84.016514, 2, 500, 6.938802
497, 23,57, 421.397168, 0, 79, 0.525234
498, 20,33, 1975.111627, 0, 37, 0.174878
499, 15,146, 47.767705, 0, 15, 0.217666
500, 48,72, 187.962327, 0, 177, 1.897676
501, 31,79, 17577.591114, 0, 63, 0.604442
502, 60,96, 3441.229626, 0, 316, 4.738471
503, 87,93, 67.102580, 2, 500, 10.113511
504, 51,104, 2512.191434, 0, 259, 3.849791
505, 14,197, 670.243581, 0, 22, 0.510850
506, 31,99, 135.468733, 0, 50, 0.562637
507, 48,98, 41525.995296, 0, 142, 1.899902
508, 12,140, 429.036765, 0, 8, 0.098258
509, 25,41, 142.191842, 0, 18, 0.103015
510, 68,96, 8642.236232, 0, 349, 5.949292
511, 30,96, 1031.923873, 0, 139, 1.448919
512, 11,41, 239.990143, 0, 11, 0.049358
513, 36,39, 246.147903, 0, 137, 0.864706
514, 45,77, 19454.257570, 0, 215, 2.326362
515, 37,80, 550.341355, 0, 109, 1.097834
516, 16,175, 341.699200, 0, 19, 0.376120
517, 23,51, 1377.786078, 0, 33, 0.210327
518, 11,32, 40.768084, 0, 21, 0.090560
519, 20,67, 100.099078, 0, 33, 0.231904
520, 13,39, 171.568470, 0, 11, 0.049305
521, 21,41, 103.635646, 0, 64, 0.340088
522, 11,26, 285.018195, 0, 18, 0.069713
523, 39,100, 127373.168353, 0, 179, 2.140744
524, 58,184, 43444.594439, 0, 375, 14.529943
525, 68,76, 2163.099942, 0, 375, 4.991248
526, 29,46, 854.144654, 0, 99, 0.620489
527, 17,168, 882.688227, 0, 25, 0.463652
528, 15,141, 36.119562, 0, 24, 0.323739
529, 13,97, 1616.425339, 0, 27, 0.255024
530, 53,64, 1086.166291, 0, 112, 1.161623
531, 21,38, 400.150775, 0, 13, 0.064575
532, 12,61, 4253.416325, 0, 30, 0.174911
533, 37,62, 79.491709, 0, 75, 0.634062
534, 83,179, 82.810704, 2, 500, 24.643870
535, 29,29, 81.393769, 1, 63, 0.332126
536, 39,104, 10783.132628, 0, 116, 1.555482
537, 34,37, 2217.393584, 0, 57, 0.355302
538, 15,24, 1683.222043, 0, 23, 0.094459
539, 19,180, 2399.370869, 0, 37, 0.816341
540, 37,67, 2060.835528, 0, 149, 1.370550
541, 31,43, 4210.370996, 0, 101, 0.633864
542, 35,138, 2091.826622, 0, 79, 1.473680
543, 33,87, 142.871252, 0, 95, 0.995193
544, 36,197, 2933.005143, 0, 60, 1.831536
545, 33,92, 457.797636, 0, 60, 0.616480
546, 47,68, 20765.244707, 0, 202, 2.006498
547, 24,39, 100.898230, 0, 69, 0.375816
548, 14,79, 57.338084, 0, 11, 0.079078
549, 87,90, 72.700748, 2, 500, 9.417063
550, 11,107, 31.048466, 0, 8, 0.075101
551, 58,109, 259.742684, 0, 241, 4.250206
552, 25,91, 272.693297, 0, 51, 0.505827
553, 41,77, 6392.457525, 0, 55, 0.557021
554, 29,56, 243.515458, 0, 44, 0.309525
555, 10,59, 12.301481, 0, 7, 0.036121
556, 73,191, 300.929104, 0, 372, 18.281113
557, 15,79, 948.603611, 0, 25, 0.196114
558, 39,117, 2835.805557, 0, 219, 3.225645
559, 46,98, 1416.472607, 0, 229, 2.963680
560, 11,92, 270.193297, 0, 22, 0.180116
561, 31,180, 131.693392, 0, 87, 2.280330
562, 19,21, 78.556877, 1, 47, 0.204103
563, 24,82, 2731.673118, 0, 40, 0.364950
564, 23,86, 180.878670, 0, 61, 0.566026
565, 25,33, 32.433060, 0, 49, 0.251263
566, 45,79, 2333.941886, 0, 102, 1.066840
567, 22,92, 211.636298, 0, 29, 0.270199
568, 62,107, 9270.535003, 0, 325, 5.971568
569, 42,62, 604.879356, 0, 123, 1.138247
570, 17,36, 23870.274387, 0, 35, 0.167433
571, 25,69, 70.566537, 0, 33, 0.254387
572, 39,75, 1834.905420, 0, 134, 1.311343
573, 15,140, 41.692708, 0, 20, 0.263161
574, 17,60, 297.759499, 0, 21, 0.134901
575, 22,92, 3904.859750, 0, 33, 0.311038
576, 55,95, 4256.016398, 0, 260, 3.577772
577, 42,76, 1483.322859, 0, 141, 1.439466
578, 15,26, 459.778934, 0, 25, 0.104150
579, 38,66, 5316.521310, 0, 131, 1.188492
580, 57,71, 40992.142839, 0, 219, 2.447147
581, 31,82, 135.845162, 0, 67, 0.643177
582, 47,118, 594.822371, 0, 195, 3.417769
583, 31,40, 79.665248, 1, 121, 0.749598
584, 30,35, 13072.721389, 0, 102, 0.575660
585, 71,73, 443.372636, 0, 320, 4.363128
586, 12,23, 146.139330, 0, 17, 0.076542
587, 42,55, 386.141332, 0, 203, 1.774246
588, 15,114, 17.080156, 0, 7, 0.066350
589, 13,41, 49.679485, 0, 16, 0.077108
590, 35,68, 1022.116220, 0, 71, 0.641059
591, 90,115, 124.926269, 2, 500, 14.766226
592, 21,56, 123.437065, 0, 39, 0.255955
593, 65,88, 25212.119053, 0, 283, 4.119690
594, 54,64, 4257.712681, 0, 161, 1.739977
595, 81,129, 1553.145296, 0, 442, 13.878500
596, 16,103, 198.338548, 0, 33, 0.398997
597, 20,95, 1078.066241, 0, 44, 0.427423
598, 52,95, 18455.000662, 0, 171, 2.340595
599, 16,167, 1861.330850, 0, 20, 0.474275
600, 14,31, 21.023878, 0, 16, 0.074499
601, 27,72, 262.066065, 0, 102, 0.976697
602, 25,134, 15382.825273, 0, 35, 0.498958
603, 52,107, 481.816067, 0, 158, 3.047804
604, 57,108, 2369.315143, 0, 267, 5.872816
605, 31,74, 1149.469940, 0, 69, 0.632979
606, 45,123, 1277.209855, 0, 85, 1.553466
607, 63,193, 16362.013964, 0, 257, 13.081415
608, 43,67, 386.660736, 0, 159, 1.605399
609, 73,178, 127.855811, 2, 500, 21.244061
610, 16,186, 36478.953988, 0, 16, 0.343854
611, 19,92, 178.161966, 0, 17, 0.161270
612, 44,100, 38128.966382, 0, 77, 0.993871
613, 16,60, 536.418641, 0, 16, 0.096321
614, 31,122, 2756.567773, 0, 64, 0.884795
615, 26,78, 731.129498, 0, 50, 0.457842
616, 16,80, 631.545203, 0, 43, 0.335743
617, 67,103, 13762.703051, 0, 267, 4.829797
618, 29,51, 75.882589, 0, 34, 0.235340
619, 32,139, 546.194534, 0, 79, 1.332807
620, 54,135, 47248.946639, 0, 411, 9.660620
621, 10,124, 46.272098, 0, 11, 0.115812
622, 58,151, 30049.490724, 0, 173, 4.995068
623, 24,105, 242.835330, 0, 50, 0.537727
624, 54,84, 4743.332932, 0, 188, 2.335247
625, 90,101, 126.286363, 2, 500, 12.359732
626, 12,76, 195.168523, 0, 14, 0.099482
627, 20,28, 2368.356077, 0, 33, 0.154984
628, 14,64, 302.939457, 0, 8, 0.048164
629, 60,140, 776.279311, 0, 326, 8.770957
630, 37,55, 2898.910351, 0, 127, 1.014470
631, 16,102, 838.687199, 0, 35, 0.348276
632, 12,61, 87.055359, 0, 12, 0.070079
633, 37,38, 55.013425, 1, 91, 0.590585
634, 21,55, 416.288069, 0, 37, 0.231224
635, 19,26, 1105.830787, 0, 15, 0.064086
636, 76,150, 13812.429865, 0, 493, 16.537524
637, 20,122, 1543.078869, 0, 34, 0.410849
638, 12,116, 138.974214, 0, 10, 0.096946
639, 15,29, 44.048419, 0, 14, 0.060599
640, 50,56, 386.334821, 0, 292, 2.770885
641, 60,133, 9970.546973, 0, 277, 7.095622
642, 19,79, 221.597376, 0, 27, 0.226448
643, 22,32, 349.293067, 0, 36, 0.178923
644, 12,175, 1026.465753, 0, 5, 0.083959
645, 45,93, 739.797886, 0, 155, 1.929189
646, 30,36, 14666.964114, 0, 121, 0.736781
647, 18,27, 354.110866, 0, 13, 0.055790
648, 19,42, 57.564834, 0, 70, 0.371367
649, 19,89, 99.556557, 0, 24, 0.252395
650, 20,103, 80.937089, 0, 33, 0.381447
651, 85,150, 67.787966, 2, 500, 19.233496
652, 14,66, 49.531927, 0, 24, 0.159631
653, 40,44, 2460.003849, 0, 68, 0.496192
654, 12,41, 91.866008, 0, 13, 0.059731
655, 12,25, 31.924049, 0, 17, 0.066371
656, 26,67, 93.556044, 0, 71, 0.554909
657, 22,23, 1328.973220, 0, 33, 0.142311
658, 12,114, 77.825146, 0, 17, 0.175511
659, 73,115, 323.627365, 0, 340, 8.147952
660, 40,90, 2863.140212, 0, 194, 2.172959
661, 63,69, 2406.836610, 0, 345, 4.052171
662, 30,173, 613.154071, 0, 178, 4.442713
663, 65,87, 2981.535282, 0, 406, 5.837925
664, 46,67, 2832.101579, 0, 192, 1.907355
665, 36,67, 905.349196, 0, 203, 1.822657
666, 15,53, 5434.058070, 0, 12, 0.065396
667, 19,65, 44.417978, 0, 19, 0.128399
668, 34,39, 15350.266498, 0, 120, 0.739561
669, 29,54, 438.838326, 0, 110, 0.760466
670, 36,75, 15931.338398, 0, 245, 2.293334
671, 46,55, 136.949417, 1, 167, 1.470835
672, 18,135, 1252.442941, 0, 20, 0.259265
673, 15,90, 369.758612, 0, 15, 0.130449
674, 93,172, 99.109843, 2, 500, 25.443084
675, 10,58, 22.116312, 0, 9, 0.049088
676, 17,141, 817.999920, 0, 24, 0.335336
677, 13,34, 92.838493, 0, 22, 0.099602
678, 19,38, 174.603102, 0, 53, 0.273841
679, 46,99, 272.072594, 0, 163, 2.114127
680, 67,139, 13337.613281, 0, 415, 11.463780
681, 32,184, 1432.441766, 0, 87, 2.381523
682, 12,45, 1304.775008, 0, 21, 0.105985
683, 77,98, 4137.087526, 0, 314, 5.895602
684, 53,68, 1807.702357, 0, 198, 2.133896
685, 16,188, 881.267196, 0, 16, 0.353281
686, 75,79, 43236.694615, 0, 485, 7.176600
687, 22,97, 131.428442, 0, 32, 0.314373
688, 33,38, 172.174948, 0, 134, 0.816713
689, 41,198, 8649.105305, 0, 214, 7.790570
690, 30,63, 302.323923, 0, 51, 0.416231
691, 21,169, 194.693827, 0, 42, 0.883484
692, 20,144, 571.221070, 0, 56, 0.849875
693, 63,75, 1313.974308, 0, 326, 4.124010
694, 34,70, 1559.758114, 0, 129, 1.179969
695, 48,111, 2421.981670, 0, 186, 3.232650
696, 22,39, 342.179192, 0, 39, 0.221788
697, 27,50, 4072.787780, 0, 100, 0.693800
698, 43,45, 239.154217, 0, 161, 1.313859
699, 26,97, 538.094069, 0, 96, 0.975972
700, 31,52, 88288.957153, 0, 115, 0.806704
701, 27,36, 905.704538, 0, 56, 0.307549
702, 21,39, 402.183050, 0, 17, 0.084704
703, 92,167, 226.209467, 2, 500, 25.674283
704, 11,36, 17.808954, 0, 10, 0.043286
705, 55,94, 264.908655, 0, 238, 3.337513
706, 40,85, 4386.828607, 0, 149, 1.579915
707, 15,118, 123.550349, 0, 14, 0.145603
708, 25,34, 84.398441, 0, 42, 0.226674
709, 13,21, 3031.785871, 0, 25, 0.100591
710, 33,62, 3366.497224, 0, 144, 1.171822
711, 25,58, 1579.249663, 0, 35, 0.237441
712, 20,95, 14.220729, 0, 22, 0.207674
713, 28,41, 427.122355, 0, 26, 0.148195
714, 65,92, 985.047259, 0, 261, 3.984082
715, 34,137, 25607.728474, 0, 78, 1.503868
716, 42,59, 6028.523416, 0, 49, 0.443632
717, 59,83, 70874.693354, 0, 179, 2.301205
718, 34,191, 6725.582411, 0, 63, 1.858771
719, 15,38, 5629.514332, 0, 26, 0.127189
720, 65,95, 320.658729, 0, 277, 4.321693
721, 12,42, 45.866099, 0, 11, 0.049214
722, 62,85, 3599.846374, 0, 316, 4.300716
723, 17,24, 153.790654, 0, 20, 0.083234
724, 10,48, 1188.916408, 0, 9, 0.041340
725, 21,24, 32.971929, 1, 36, 0.156960
726, 20,24, 136.434989, 0, 46, 0.202841
727, 12,133, 136.789493, 0, 18, 0.229326
728, 11,37, 40.142412, 0, 12, 0.055937
729, 21,90, 347.341926, 0, 28, 0.273819
730, 34,82, 36042.909794, 0, 118, 1.194835
731, 35,49, 8881.908544, 0, 81, 0.575834
732, 26,61, 26699.223929, 0, 77, 0.564502
733, 23,81, 468.955686, 0, 54, 0.478599
734, 11,21, 119.659650, 0, 12, 0.043494
735, 21,38, 37.270202, 0, 20, 0.100271
736, 17,56, 145.523932, 0, 28, 0.179030
737, 31,83, 23553.765646, 0, 69, 0.729147
738, 13,57, 57.581380, 0, 46, 0.284105
739, 71,129, 14121.759986, 0, 366, 11.485228
740, 33,34, 66.663362, 1, 69, 0.412341
741, 42,61, 907.938054, 0, 134, 1.228818
742, 81,180, 678.923732, 2, 500, 25.914228
743, 22,25, 137.860732, 1, 57, 0.266324
744, 27,39, 364.204828, 0, 80, 0.463247
745, 54,98, 2321.141290, 0, 293, 4.202216
746, 17,41, 856.005543, 0, 36, 0.182578
747, 25,59, 532.380612, 0, 106, 0.779015
748, 23,71, 53.866070, 0, 42, 0.331490
749, 20,185, 1957.501440, 0, 29, 0.665345
750, 22,23, 43.699173, 1, 24, 0.107852
751, 12,101, 785.692151, 0, 8, 0.072305
752, 13,108, 27362.831593, 0, 17, 0.166568
753, 13,103, 51.958870, 0, 7, 0.065652
754, 12,58, 213.681242, 0, 20, 0.116568
755, 23,95, 734.168355, 0, 64, 0.644470
756, 55,66, 118589.354240, 0, 279, 2.980627
757, 45,57, 9487.025988, 0, 210, 1.885136
758, 22,37, 145.379857, 0, 24, 0.120799
759, 16,41, 31.233843, 0, 23, 0.113487
760, 28,42, 139.978985, 0, 52, 0.308539
761, 26,160, 7.076629, 0, 19, 0.365948
762, 17,75, 664.481961, 0, 20, 0.153672
763, 24,42, 3212.305062, 0, 113, 0.642390
764, 36,143, 19417.125823, 0, 86, 1.584411
765, 75,200, 83.172394, 2, 500, 27.603206
766, 14,71, 254.020136, 0, 21, 0.146065
767, 41,164, 23872.669854, 0, 104, 2.960690
768, 20,27, 3490.017330, 0, 49, 0.228999
769, 30,188, 229.988575, 0, 36, 1.073430
770, 28,63, 366.413175, 0, 133, 1.059718
771, 19,123, 40.643553, 0, 45, 0.570665
772, 19,41, 91.255811, 0, 23, 0.124098
773, 67,75, 58483.097220, 0, 379, 5.097905
774, 25,96, 40.626409, 0, 41, 0.414280
775, 72,77, 252.058653, 2, 500, 7.053171
776, 20,71, 1376.845665, 0, 41, 0.309034
777, 31,53, 164.341641, 0, 77, 0.557957
778, 22,113, 15684.671109, 0, 50, 0.575976
779, 29,73, 1429.278442, 0, 69, 0.614607
780, 35,156, 166.364372, 0, 160, 4.112931
781, 29,187, 103.048472, 0, 63, 1.847167
782, 15,28, 121.332132, 0, 22, 0.096240
783, 21,42, 364.363218, 0, 34, 0.188590
784, 60,70, 73023.159888, 0, 262, 3.028982
785, 85,104, 51.358050, 2, 500, 12.097170
786, 27,93, 1778.706581, 0, 43, 0.440889
787, 11,62, 72.934908, 0, 16, 0.092252
788, 49,69, 864.397630, 0, 216, 2.239842
789, 57,92, 1300.527522, 0, 183, 2.508687
790, 44,61, 1062.714922, 0, 122, 1.123696
791, 12,22, 32.572324, 0, 15, 0.056202
792, 24,101, 3093.823320, 0, 61, 0.610044
793, 48,53, 2617.092543, 0, 129, 1.134239
794, 36,42, 821.119539, 0, 99, 0.653604
795, 48,137, 2747796.736127, 0, 305, 7.104353
796, 31,65, 119.241255, 0, 96, 0.827070
797, 19,40, 1224.376069, 0, 14, 0.069456
798, 11,158, 117.928315, 0, 17, 0.265106
799, 56,126, 59109.986358, 0, 257, 5.713805
800, 13,24, 62.784537, 0, 14, 0.056304
801, 62,86, 16679.494948, 0, 414, 5.672787
802, 17,51, 102.918814, 0, 17, 0.095033
803, 10,52, 11.648046, 0, 11, 0.054662
804, 14,134, 505.962202, 0, 21, 0.260127
805, 15,187, 28.498406, 0, 27, 0.603858
806, 66,145, 20092.136599, 0, 255, 7.366574
807, 10,23, 1.343109, 0, 4, 0.013178
808, 17,21, 45.878119, 1, 28, 0.118309
809, 29,68, 2293.796742, 0, 38, 0.319345
810, 11,181, 24.812597, 0, 10, 0.192299
811, 29,64, 246.553290, 0, 54, 0.436303
812, 20,142, 119.535498, 0, 14, 0.198042
813, 94,126, 112.144819, 2, 500, 16.419316
814, 52,61, 1216.709541, 0, 119, 1.169816
815, 31,40, 134.578103, 0, 110, 0.662549
816, 29,130, 165.151998, 0, 41, 0.592391
817, 36,37, 23.476065, 1, 69, 0.437527
818, 28,38, 1296.966240, 0, 59, 0.334131
819, 13,109, 102.392862, 0, 10, 0.097736
820, 27,29, 468.967002, 0, 56, 0.293288
821, 41,83, 5429.787288, 0, 235, 2.452150
822, 27,31, 125.341302, 1, 88, 0.455280
823, 43,162, 1870.627282, 0, 155, 4.335598
824, 58,103, 2672.635074, 0, 209, 3.299286
825, 33,169, 1430.864828, 0, 48, 1.207337
826, 13,150, 254.719262, 0, 22, 0.309792
827, 10,135, 157.228393, 0, 10, 0.113677
828, 11,24, 94.954110, 0, 10, 0.038657
829, 49,96, 11155.940089, 0, 221, 2.956933
830, 25,123, 58.497686, 0, 51, 0.670279
831, 10,177, 708.857877, 0, 7, 0.127087
832, 15,21, 65.926278, 0, 17, 0.068505
833, 24,128, 93.847460, 0, 51, 0.697481
834, 26,32, 242.305091, 0, 46, 0.254232
835, 63,112, 5000.585361, 0, 297, 5.852489
836, 23,89, 162.759749, 0, 29, 0.288833
837, 34,182, 3135.925194, 0, 143, 4.074440
838, 58,174, 5356.317598, 0, 334, 11.533772
839, 34,101, 20868.946084, 0, 135, 1.575582
840, 43,50, 179673.092273, 0, 169, 1.368410
841, 27,128, 1531.665932, 0, 121, 1.920084
842, 11,35, 165.782189, 0, 25, 0.133117
843, 52,58, 4345.411480, 0, 333, 3.252484
844, 33,50, 995.617025, 0, 50, 0.357299
845, 19,79, 48.047282, 0, 13, 0.101676
846, 11,115, 48.649446, 0, 10, 0.097918
847, 14,33, 763.222384, 0, 18, 0.082535
848, 26,119, 546.757353, 0, 53, 0.796045
849, 60,89, 30738.864126, 0, 238, 3.382549
850, 14,27, 89.804448, 0, 10, 0.043271
851, 49,91, 264.595069, 0, 122, 1.519840
852, 24,173, 170.489241, 0, 48, 1.087008
853, 11,134, 575.940299, 0, 6, 0.065347
854, 44,80, 1809.285741, 0, 108, 1.142525
855, 17,98, 770.452953, 0, 41, 0.397688
856, 68,82, 154818.416622, 0, 316, 4.836607
857, 18,23, 103.836366, 0, 19, 0.081634
858, 40,52, 13957.037811, 0, 83, 0.659431
859, 22,114, 585.534510, 0, 53, 0.669144
860, 27,92, 739.491056, 0, 103, 1.110003
861, 22,89, 188.780907, 0, 60, 0.607469
862, 15,69, 86.639261, 0, 17, 0.116351
863, 35,127, 742.608991, 0, 169, 2.724851
864, 87,112, 242.703536, 2, 500, 13.294197
865, 23,31, 175.988676, 0, 44, 0.224050
866, 25,95, 619.278777, 0, 54, 0.552962
867, 14,139, 59.013267, 0, 31, 0.403419
868, 40,50, 37175.550100, 0, 154, 1.214755
869, 25,126, 136.332703, 0, 36, 0.483271
870, 22,152, 185.285040, 0, 49, 0.832167
871, 23,121, 68.053735, 0, 42, 0.525557
872, 62,170, 630.895812, 0, 179, 6.080534
873, 29,107, 30.373275, 0, 56, 0.663764
874, 30,167, 168.310312, 0, 59, 1.425914
875, 33,68, 6174.828509, 0, 118, 1.042645
876, 15,156, 93343.055665, 0, 18, 0.279697
877, 42,96, 7104.823726, 0, 128, 1.581251
878, 15,92, 228.997681, 0, 37, 0.325090
879, 30,39, 4544.872893, 0, 45, 0.264799
880, 20,73, 413.512662, 0, 51, 0.396013
881, 29,43, 466.821680, 0, 36, 0.224446
882, 58,68, 286.636196, 0, 243, 2.664482
883, 17,69, 334.987934, 0, 29, 0.204902
884, 12,174, 29.306941, 0, 27, 0.503485
885, 30,143, 412.640649, 0, 55, 0.979468
886, 48,190, 3045.320137, 0, 254, 9.477178
887, 75,87, 3870.889977, 0, 398, 6.722139
888, 13,47, 43.871815, 0, 32, 0.165725
889, 10,23, 73.997204, 0, 9, 0.032811
890, 22,49, 488.192735, 0, 16, 0.091730
891, 16,91, 507.048970, 0, 19, 0.165954
892, 53,58, 81.160543, 0, 104, 1.010852
893, 62,85, 1251.622869, 0, 174, 2.321493
894, 26,72, 176.536552, 0, 52, 0.427674
895, 22,72, 357.815366, 0, 29, 0.223682
896, 42,45, 1238.345607, 0, 108, 0.792647
897, 11,114, 22.171858, 0, 10, 0.092442
898, 28,31, 1507.645554, 0, 54, 0.292877
899, 60,186, 317.487677, 0, 154, 6.180606
900, 38,127, 855.777275, 0, 145, 2.434141
901, 10,73, 64.246027, 0, 13, 0.085014
902, 21,67, 6334.393262, 0, 45, 0.335338
903, 40,159, 80007.095712, 0, 154, 3.784955
904, 11,89, 99.398992, 0, 9, 0.071309
905, 16,95, 1623.370208, 0, 26, 0.248092
906, 40,78, 1213.064686, 0, 107, 1.096726
907, 15,83, 2161.928621, 0, 30, 0.237457
908, 26,99, 484.667052, 0, 65, 0.655679
909, 79,150, 119.683758, 2, 500, 16.829634
910, 50,50, 10359.719462, 0, 334, 2.935375
911, 14,120, 62.004231, 0, 27, 0.293103
912, 22,196, 78.581388, 0, 36, 0.961550
913, 31,141, 1245.062205, 0, 112, 2.053151
914, 81,86, 277.340796, 0, 397, 6.978717
915, 28,179, 9717.724516, 0, 56, 1.652674
916, 22,31, 392.184837, 0, 38, 0.191991
917, 69,128, 4418.934017, 0, 257, 6.771885
918, 29,29, 65.943120, 1, 85, 0.460995
919, 51,80, 1425970.512947, 0, 193, 2.214984
920, 18,53, 779.253035, 0, 28, 0.162033
921, 79,91, 435.162969, 2, 500, 9.151177
922, 16,41, 114.262479, 0, 33, 0.164712
923, 12,28, 247.907332, 0, 21, 0.084802
924, 23,56, 149.711360, 0, 58, 0.381592
925, 64,131, 1312.614314, 0, 280, 7.379731
926, 29,45, 1607.514326, 0, 99, 0.629237
927, 17,167, 52.788756, 0, 30, 0.667952
928, 17,105, 251.636514, 0, 16, 0.167078
929, 34,41, 22738.843684, 0, 135, 0.909578
930, 31,32, 50.603168, 1, 60, 0.333240
931, 57,60, 55.451826, 1, 395, 4.129544
932, 19,38, 6211.078314, 0, 45, 0.226259
933, 54,165, 7997.892688, 0, 166, 4.974732
934, 25,67, 2262.517133, 0, 61, 0.489248
935, 35,38, 98.592208, 1, 145, 0.899098
936, 55,82, 5600.428153, 0, 235, 2.818656
937, 15,38, 37.532742, 0, 16, 0.074538
938, 12,38, 85.358796, 0, 7, 0.029477
939, 12,132, 31317.389457, 0, 12, 0.139033
940, 32,47, 37.058724, 1, 128, 0.868915
941, 64,192, 1837.918089, 0, 232, 10.840363
942, 67,94, 858.371449, 0, 226, 3.483424
943, 39,52, 1084.625942, 0, 111, 0.852767
944, 22,57, 898.527352, 0, 44, 0.286021
945, 39,41, 100.956557, 1, 149, 1.009965
946, 11,54, 30.757088, 0, 11, 0.055568
947, 26,29, 79.999691, 0, 36, 0.176710
948, 30,76, 707.107880, 0, 90, 0.828863
949, 20,155, 12588.389203, 0, 46, 0.774468
950, 51,98, 2204.752634, 0, 272, 3.671998
951, 19,31, 432.166648, 0, 44, 0.204482
952, 43,53, 70.664877, 1, 176, 1.463660
953, 48,98, 1703.235125, 0, 179, 2.400209
954, 35,68, 280.001598, 0, 50, 0.441654
955, 28,50, 1876.309872, 0, 51, 0.335324
956, 26,63, 364.415751, 0, 59, 0.432984
957, 20,27, 302.831664, 0, 43, 0.192787
958, 46,51, 1111.799770, 0, 128, 1.069757
959, 25,142, 71.077870, 0, 66, 1.021587
960, 40,41, 44.283752, 1, 121, 0.835101
961, 16,112, 73.978781, 0, 26, 0.269512
962, 15,80, 100.567709, 0, 9, 0.067255
963, 39,88, 677.099066, 0, 148, 1.578280
964, 10,38, 32.111919, 0, 13, 0.056273
965, 23,83, 983.809427, 0, 69, 0.620447
966, 11,80, 16.809039, 0, 14, 0.097080
967, 15,22, 90.800251, 0, 12, 0.046716
968, 20,30, 16.477289, 1, 41, 0.191778
969, 20,79, 22.103895, 0, 16, 0.127837
970, 16,78, 319.930294, 0, 39, 0.295932
971, 11,47, 32.100540, 0, 13, 0.061924
972, 23,62, 1097.066065, 0, 65, 0.456357
973, 23,42, 3033.032307, 0, 88, 0.486654
974, 31,86, 1048.641890, 0, 93, 0.923734
975, 58,179, 6065.249918, 0, 309, 11.482168
976, 24,123, 1519.023004, 0, 54, 0.686498
977, 27,34, 83.970503, 0, 80, 0.442133
978, 55,135, 12180.819847, 0, 272, 6.408500
979, 15,66, 104.822165, 0, 18, 0.119566
980, 37,144, 11362.552137, 0, 97, 2.023640
981, 18,22, 181.123664, 0, 37, 0.160311
982, 33,171, 197.612166, 0, 42, 1.085306
983, 62,88, 76.267194, 2, 500, 7.025759
984, 16,47, 159.002353, 0, 10, 0.049878
985, 36,196, 788.867400, 0, 120, 3.845180
986, 36,37, 24.969686, 1, 124, 0.779677
987, 85,129, 101.008054, 2, 500, 15.882417
988, 34,85, 1418.956403, 0, 94, 0.984356
989, 34,35, 19.686670, 1, 99, 0.655427
990, 47,49, 47391.225136, 0, 175, 1.543964
991, 17,89, 160.326235, 0, 23, 0.201835
992, 18,23, 300.160306, 0, 21, 0.086820
993, 31,59, 75.719559, 0, 56, 0.422334
994, 27,60, 539.731970, 0, 32, 0.229704
995, 40,50, 701.070024, 0, 101, 0.777130
996, 34,68, 1663.524203, 0, 75, 0.654534
997, 27,76, 150.719951, 0, 24, 0.205404
998, 14,186, 1334.731152, 0, 25, 0.570864
999, 15,44, 1254.316145, 0, 21, 0.108408
1000, 42,89, 7528.225121, 0, 252, 3.015251
